Neutral [0.494, 0.404, 0.476]
Neutral [0.53, 0.453, 0.499]
Neutral [0.49, 0.443, 0.483]
Happy [0.6, 0.479, 0.52]
Happy [0.594, 0.48, 0.518]
Neutral [0.556, 0.433, 0.486]
Neutral [0.524, 0.43, 0.491]
Neutral [0.524, 0.42, 0.488]
Neutral [0.544, 0.452, 0.493]
Sad [0.486, 0.389, 0.443]
Neutral [0.521, 0.461, 0.507]
Neutral [0.521, 0.456, 0.514]
Neutral [0.469, 0.419, 0.468]
Neutral [0.539, 0.42, 0.486]
Neutral [0.488, 0.418, 0.49]
Neutral [0.554, 0.468, 0.514]
Neutral [0.507, 0.504, 0.549]
Sad [0.48, 0.401, 0.456]
Neutral [0.498, 0.395, 0.464]
Neutral [0.536, 0.425, 0.475]
Neutral [0.47, 0.405, 0.476]
Neutral [0.55, 0.456, 0.507]
Neutral [0.497, 0.403, 0.464]
Sad [0.403, 0.275, 0.368]
Neutral [0.494, 0.409, 0.476]
Neutral [0.417, 0.312, 0.385]
Neutral [0.494, 0.366, 0.437]
Neutral [0.556, 0.437, 0.491]
Neutral [0.545, 0.405, 0.461]
Neutral [0.614, 0.474, 0.518]
Neutral [0.592, 0.497, 0.535]
Neutral [0.543, 0.397, 0.461]
Neutral [0.523, 0.414, 0.475]
Neutral [0.532, 0.547, 0.565]
Neutral [0.527, 0.47, 0.51]
Neutral [0.502, 0.503, 0.531]
Disgusted [0.463, 0.413, 0.454]
Neutral [0.503, 0.474, 0.52]
Neutral [0.44, 0.495, 0.523]
Disgusted [0.495, 0.59, 0.596]
Neutral [0.421, 0.29, 0.371]
Sad [0.401, 0.446, 0.472]
Neutral [0.513, 0.455, 0.509]
Neutral [0.551, 0.527, 0.555]
Neutral [0.495, 0.461, 0.502]
Sad [0.414, 0.463, 0.509]
Disgusted [0.479, 0.471, 0.506]
Neutral [0.463, 0.386, 0.444]
Neutral [0.564, 0.48, 0.518]
Neutral [0.471, 0.402, 0.468]
Neutral [0.546, 0.494, 0.529]
Neutral [0.556, 0.468, 0.509]
Neutral [0.496, 0.418, 0.471]
Neutral [0.442, 0.45, 0.5]
Neutral [0.525, 0.392, 0.459]
Disgusted [0.512, 0.438, 0.488]
Neutral [0.49, 0.407, 0.46]
Sad [0.404, 0.249, 0.341]
Neutral [0.503, 0.393, 0.463]
Neutral [0.445, 0.383, 0.451]
Neutral [0.45, 0.445, 0.493]
Neutral [0.52, 0.445, 0.495]
Neutral [0.504, 0.403, 0.474]
Neutral [0.465, 0.424, 0.478]
Neutral [0.541, 0.439, 0.491]
Neutral [0.566, 0.507, 0.542]
Neutral [0.548, 0.473, 0.505]
Sad [0.404, 0.3, 0.374]
Neutral [0.431, 0.295, 0.386]
Neutral [0.524, 0.465, 0.508]
Happy [0.472, 0.344, 0.412]
Neutral [0.482, 0.314, 0.388]
Happy [0.504, 0.408, 0.45]
Happy [0.534, 0.455, 0.501]
Neutral [0.483, 0.415, 0.47]
Neutral [0.523, 0.462, 0.505]
Disgusted [0.46, 0.339, 0.4]
Neutral [0.544, 0.497, 0.527]
Neutral [0.525, 0.519, 0.548]
Sad [0.416, 0.336, 0.392]
Neutral [0.519, 0.492, 0.536]
Happy [0.64, 0.508, 0.536]