Happy [0.617, 0.759, 0.728]
Happy [0.628, 0.687, 0.674]
Happy [0.513, 0.609, 0.614]
Happy [0.756, 0.687, 0.67]
Happy [0.727, 0.759, 0.726]
Happy [0.617, 0.71, 0.686]
Happy [0.716, 0.719, 0.695]
Happy [0.634, 0.674, 0.661]
Happy [0.736, 0.784, 0.74]
Happy [0.81, 0.773, 0.734]
Surprised [0.534, 0.623, 0.63]
Surprised [0.52, 0.734, 0.709]
Happy [0.618, 0.726, 0.701]
Happy [0.562, 0.728, 0.703]
Happy [0.578, 0.707, 0.683]
Happy [0.58, 0.756, 0.725]
Happy [0.509, 0.714, 0.701]
Happy [0.544, 0.634, 0.639]
Happy [0.628, 0.612, 0.613]
Happy [0.597, 0.618, 0.615]
Happy [0.804, 0.787, 0.747]
Happy [0.804, 0.763, 0.726]
Happy [0.577, 0.642, 0.634]
Happy [0.639, 0.718, 0.689]
Happy [0.532, 0.6, 0.602]
Surprised [0.587, 0.654, 0.636]
Happy [0.622, 0.637, 0.632]
Happy [0.484, 0.64, 0.647]
Happy [0.551, 0.629, 0.627]
Happy [0.551, 0.623, 0.626]
Happy [0.605, 0.74, 0.72]
Surprised [0.582, 0.679, 0.662]
Surprised [0.541, 0.716, 0.696]
Happy [0.561, 0.704, 0.686]
Happy [0.491, 0.693, 0.688]
Angry [0.561, 0.687, 0.683]
Happy [0.666, 0.708, 0.687]
Happy [0.65, 0.669, 0.656]
Happy [0.465, 0.7, 0.676]
Happy [0.438, 0.629, 0.641]
Happy [0.674, 0.716, 0.691]
Happy [0.722, 0.718, 0.695]
Happy [0.639, 0.651, 0.645]
Surprised [0.613, 0.68, 0.666]
Happy [0.515, 0.576, 0.594]
Happy [0.749, 0.691, 0.669]
Happy [0.555, 0.657, 0.654]
Angry [0.456, 0.762, 0.751]
Happy [0.525, 0.684, 0.675]
Happy [0.6, 0.675, 0.668]
Happy [0.523, 0.678, 0.672]
Happy [0.612, 0.704, 0.686]
Happy [0.716, 0.706, 0.684]
Happy [0.554, 0.667, 0.66]
Happy [0.559, 0.647, 0.641]
Happy [0.57, 0.768, 0.731]
Sad [0.797, 0.756, 0.725]
Happy [0.571, 0.689, 0.669]
Happy [0.45, 0.618, 0.624]
Happy [0.644, 0.616, 0.609]
Happy [0.835, 0.741, 0.713]
Happy [0.563, 0.618, 0.621]
Happy [0.834, 0.742, 0.718]
Happy [0.634, 0.709, 0.687]
Happy [0.621, 0.657, 0.648]
Happy [0.676, 0.659, 0.646]
Happy [0.583, 0.519, 0.541]
Happy [0.799, 0.703, 0.685]
Happy [0.728, 0.651, 0.639]
Happy [0.591, 0.598, 0.607]
Sad [0.607, 0.583, 0.586]
Happy [0.828, 0.746, 0.718]
Happy [0.605, 0.552, 0.559]
Happy [0.598, 0.683, 0.667]
Happy [0.685, 0.663, 0.654]
Happy [0.538, 0.661, 0.662]
Neutral [0.524, 0.688, 0.682]
Happy [0.53, 0.545, 0.568]
Happy [0.537, 0.584, 0.603]
Happy [0.7, 0.674, 0.663]
Happy [0.573, 0.666, 0.661]
Happy [0.419, 0.663, 0.68]
Neutral [0.483, 0.548, 0.56]
Happy [0.507, 0.484, 0.509]
Happy [0.691, 0.733, 0.702]
Happy [0.51, 0.586, 0.592]
Happy [0.569, 0.646, 0.639]
Disgusted [0.612, 0.64, 0.634]
Happy [0.673, 0.695, 0.677]
Happy [0.689, 0.675, 0.663]
Happy [0.495, 0.626, 0.625]
Disgusted [0.537, 0.63, 0.635]
Happy [0.543, 0.436, 0.482]
Neutral [0.509, 0.393, 0.444]
Happy [0.83, 0.725, 0.704]
Happy [0.772, 0.851, 0.795]
Happy [0.671, 0.693, 0.673]
Sad [0.521, 0.539, 0.542]
Disgusted [0.565, 0.654, 0.644]
Sad [0.426, 0.416, 0.451]
Angry [0.472, 0.829, 0.787]
Happy [0.52, 0.666, 0.658]
Angry [0.498, 0.68, 0.677]
Happy [0.575, 0.605, 0.613]
Happy [0.645, 0.679, 0.661]
Happy [0.676, 0.708, 0.687]
Surprised [0.518, 0.627, 0.63]
Happy [0.59, 0.713, 0.688]
Neutral [0.526, 0.539, 0.557]
Happy [0.507, 0.654, 0.657]
Happy [0.519, 0.59, 0.596]
Happy [0.658, 0.71, 0.686]
Happy [0.515, 0.552, 0.575]
Happy [0.672, 0.602, 0.608]
Sad [0.561, 0.609, 0.6]
Happy [0.507, 0.696, 0.685]
Happy [0.625, 0.702, 0.679]
Happy [0.728, 0.683, 0.665]