Neutral [0.48, 0.481, 0.512]
Neutral [0.495, 0.486, 0.508]
Angry [0.452, 0.595, 0.597]
Neutral [0.545, 0.544, 0.568]
Neutral [0.477, 0.446, 0.491]
Neutral [0.565, 0.563, 0.578]
Neutral [0.543, 0.524, 0.556]
Disgusted [0.556, 0.635, 0.631]
Disgusted [0.565, 0.609, 0.61]
Sad [0.506, 0.512, 0.529]
Sad [0.502, 0.495, 0.508]
Disgusted [0.516, 0.497, 0.524]
Disgusted [0.515, 0.546, 0.559]
Disgusted [0.542, 0.599, 0.603]
Angry [0.455, 0.562, 0.581]
Disgusted [0.529, 0.535, 0.551]
Sad [0.446, 0.482, 0.521]
Sad [0.478, 0.58, 0.576]
Neutral [0.474, 0.492, 0.523]
Sad [0.423, 0.409, 0.451]
Happy [0.488, 0.506, 0.537]
Disgusted [0.502, 0.532, 0.543]
Sad [0.468, 0.456, 0.487]
Disgusted [0.487, 0.516, 0.533]
Happy [0.486, 0.546, 0.561]
Sad [0.321, 0.411, 0.443]
Sad [0.424, 0.418, 0.443]
Neutral [0.511, 0.437, 0.473]
Neutral [0.502, 0.554, 0.562]
Neutral [0.505, 0.434, 0.479]
Sad [0.421, 0.45, 0.49]
Disgusted [0.468, 0.422, 0.474]
Disgusted [0.516, 0.589, 0.594]
Sad [0.412, 0.301, 0.37]
Sad [0.505, 0.539, 0.552]
Neutral [0.447, 0.358, 0.422]
Neutral [0.498, 0.49, 0.537]
Neutral [0.554, 0.502, 0.533]
Sad [0.442, 0.457, 0.486]
Angry [0.428, 0.492, 0.536]
Sad [0.437, 0.482, 0.515]
Sad [0.473, 0.544, 0.548]
Neutral [0.545, 0.651, 0.652]
Neutral [0.501, 0.593, 0.606]
Sad [0.482, 0.577, 0.586]
Sad [0.486, 0.558, 0.563]
Happy [0.508, 0.547, 0.579]
Disgusted [0.544, 0.616, 0.616]
Sad [0.399, 0.508, 0.514]
Neutral [0.534, 0.541, 0.551]
Angry [0.472, 0.645, 0.638]
Angry [0.469, 0.634, 0.649]
Happy [0.453, 0.518, 0.544]
Neutral [0.517, 0.554, 0.569]
Neutral [0.424, 0.491, 0.53]
Happy [0.494, 0.556, 0.588]
Neutral [0.456, 0.413, 0.481]
Sad [0.417, 0.392, 0.458]
Sad [0.394, 0.307, 0.383]
Sad [0.402, 0.42, 0.443]
Sad [0.38, 0.479, 0.506]
Sad [0.405, 0.335, 0.391]
Sad [0.412, 0.419, 0.444]
Sad [0.388, 0.386, 0.422]
Sad [0.486, 0.533, 0.545]
Sad [0.385, 0.301, 0.362]
Sad [0.284, 0.247, 0.315]
Neutral [0.495, 0.448, 0.483]
Sad [0.343, 0.512, 0.534]
Sad [0.355, 0.259, 0.337]
Sad [0.431, 0.356, 0.422]
Sad [0.352, 0.24, 0.33]
Neutral [0.474, 0.373, 0.448]
Sad [0.432, 0.444, 0.485]
Sad [0.278, 0.3, 0.366]
Neutral [0.5, 0.552, 0.571]
Neutral [0.418, 0.489, 0.549]
Neutral [0.499, 0.545, 0.58]
Angry [0.442, 0.63, 0.641]
Angry [0.425, 0.557, 0.597]
Angry [0.399, 0.602, 0.642]
Disgusted [0.527, 0.611, 0.61]
Surprised [0.528, 0.654, 0.649]
Neutral [0.508, 0.57, 0.597]
Angry [0.448, 0.628, 0.644]
Sad [0.369, 0.533, 0.555]
Angry [0.451, 0.665, 0.679]
Angry [0.4, 0.542, 0.591]
Angry [0.52, 0.609, 0.614]
Neutral [0.445, 0.515, 0.557]
Sad [0.45, 0.512, 0.525]
Sad [0.338, 0.337, 0.385]
Sad [0.406, 0.422, 0.445]
Sad [0.416, 0.37, 0.412]
Sad [0.368, 0.466, 0.478]
Sad [0.455, 0.468, 0.482]
Sad [0.419, 0.497, 0.502]
Sad [0.332, 0.36, 0.401]
Sad [0.42, 0.43, 0.451]
Sad [0.425, 0.451, 0.466]
Sad [0.389, 0.351, 0.397]
Sad [0.415, 0.36, 0.403]
Sad [0.381, 0.344, 0.392]
Sad [0.403, 0.379, 0.418]
Sad [0.448, 0.449, 0.475]
Sad [0.479, 0.507, 0.522]