Angry [0.38, 0.728, 0.734]
Angry [0.422, 0.837, 0.792]
Angry [0.395, 0.611, 0.641]
Angry [0.374, 0.668, 0.686]
Angry [0.366, 0.696, 0.703]
Angry [0.368, 0.686, 0.707]
Angry [0.397, 0.778, 0.756]
Angry [0.344, 0.74, 0.741]
Angry [0.402, 0.674, 0.695]
Angry [0.417, 0.659, 0.661]
Fearful [0.465, 0.764, 0.708]
Fearful [0.425, 0.645, 0.61]
Fearful [0.404, 0.596, 0.586]
Fearful [0.415, 0.673, 0.647]
Sad [0.327, 0.455, 0.442]
Fearful [0.406, 0.725, 0.678]
Sad [0.496, 0.649, 0.639]
Fearful [0.46, 0.587, 0.579]
Happy [0.517, 0.639, 0.634]
Disgusted [0.526, 0.683, 0.669]
Angry [0.446, 0.655, 0.654]
Surprised [0.395, 0.698, 0.695]
Angry [0.495, 0.697, 0.691]
Angry [0.428, 0.644, 0.658]
Disgusted [0.486, 0.633, 0.638]
Angry [0.463, 0.816, 0.778]
Sad [0.476, 0.592, 0.592]
Angry [0.411, 0.709, 0.72]
Angry [0.446, 0.789, 0.761]
Angry [0.459, 0.664, 0.662]
Fearful [0.415, 0.637, 0.632]
Surprised [0.474, 0.618, 0.609]
Surprised [0.51, 0.649, 0.639]
Fearful [0.452, 0.67, 0.639]
Sad [0.504, 0.623, 0.601]
Sad [0.474, 0.602, 0.597]
Disgusted [0.47, 0.596, 0.622]
Disgusted [0.495, 0.517, 0.545]
Disgusted [0.512, 0.622, 0.626]
Angry [0.418, 0.866, 0.817]
Angry [0.374, 0.798, 0.781]
Happy [0.413, 0.697, 0.691]
Fearful [0.387, 0.625, 0.606]
Angry [0.356, 0.748, 0.741]
Happy [0.393, 0.683, 0.673]
Angry [0.492, 0.813, 0.771]
Angry [0.381, 0.73, 0.73]
Angry [0.462, 0.579, 0.595]
Angry [0.413, 0.59, 0.618]
Angry [0.5, 0.703, 0.69]
Angry [0.447, 0.76, 0.734]
Angry [0.521, 0.714, 0.7]
Angry [0.438, 0.72, 0.723]
Angry [0.409, 0.706, 0.704]
Disgusted [0.475, 0.53, 0.559]
Angry [0.5, 0.599, 0.606]
Neutral [0.544, 0.534, 0.557]
Fearful [0.445, 0.659, 0.637]
Fearful [0.515, 0.716, 0.68]
Fearful [0.494, 0.634, 0.621]
Fearful [0.444, 0.503, 0.52]
Fearful [0.364, 0.542, 0.539]
Happy [0.583, 0.491, 0.523]
Disgusted [0.552, 0.613, 0.615]
Neutral [0.534, 0.491, 0.515]
Neutral [0.531, 0.51, 0.535]
Neutral [0.526, 0.526, 0.55]
Angry [0.483, 0.594, 0.601]
Neutral [0.573, 0.571, 0.587]
Angry [0.558, 0.686, 0.673]
Angry [0.454, 0.695, 0.688]
Angry [0.514, 0.616, 0.616]
Angry [0.522, 0.6, 0.599]
Disgusted [0.494, 0.602, 0.594]
Angry [0.434, 0.719, 0.717]
Neutral [0.433, 0.564, 0.594]
Angry [0.442, 0.646, 0.657]
Angry [0.48, 0.609, 0.617]
Angry [0.449, 0.712, 0.713]
Angry [0.449, 0.774, 0.749]
Angry [0.501, 0.739, 0.725]
Neutral [0.499, 0.514, 0.547]
Neutral [0.515, 0.441, 0.483]
Neutral [0.49, 0.46, 0.497]
Disgusted [0.554, 0.589, 0.602]
Disgusted [0.462, 0.512, 0.542]
Sad [0.475, 0.578, 0.586]
Disgusted [0.553, 0.603, 0.609]
Angry [0.47, 0.575, 0.583]
Disgusted [0.497, 0.633, 0.628]
Angry [0.489, 0.693, 0.679]
Angry [0.42, 0.651, 0.672]
Angry [0.5, 0.603, 0.611]
Angry [0.559, 0.663, 0.652]
Angry [0.464, 0.641, 0.646]
Neutral [0.48, 0.552, 0.569]
Disgusted [0.507, 0.607, 0.61]
Neutral [0.563, 0.636, 0.637]
Angry [0.5, 0.632, 0.642]
Neutral [0.505, 0.479, 0.517]
Angry [0.515, 0.676, 0.68]